../../data/files/.DS_Store,0.11758360302049622,0.3333333333333333,0.5490830636461704,2
../../data/files/essay1.csv,0.11758360302049622,0.5490830636461707,0.3333333333333333,1
../../data/files/essay10.csv,0.3333333333333334,0.3333333333333334,0.3333333333333334,0
../../data/files/essay100.csv,0.3333333333333334,0.3333333333333334,0.3333333333333334,0
../../data/files/essay1000.csv,0.30379025244770674,0.6233548456894149,0.07285490186287852,1
../../data/files/essay1001.csv,0.4988481066451945,0.4951202964354678,0.006031596919337641,0
../../data/files/essay1002.csv,0.19143349139258786,0.6135981457074036,0.19496836290000863,1
../../data/files/essay1003.csv,0.5835467162416547,0.4163480538309539,1.0522992739135011E-4,0
../../data/files/essay1004.csv,0.9431137963828748,0.05281833657004483,0.004067867047080164,0
../../data/files/essay1005.csv,0.45173084646398265,4.6941745294090044E-5,0.5482222117907233,2
../../data/files/essay1006.csv,0.5871106414876227,0.37397382752174263,0.03891553099063464,0
../../data/files/essay1007.csv,0.29858511112089936,0.08471225046127041,0.6167026384178301,2
../../data/files/essay1008.csv,0.4082131796668661,0.3610063200218129,0.23078050031132114,0
../../data/files/essay1009.csv,0.38818270325119636,0.6116938856664884,1.234110823151919E-4,1
../../data/files/essay101.csv,0.3731381969322484,0.4573763966415804,0.16948540642617121,1
../../data/files/essay1010.csv,0.5121515077623343,0.48776721124928873,8.128098837681864E-5,0
../../data/files/essay1011.csv,0.09467672316244696,0.511091360219235,0.3942319166183182,1
../../data/files/essay1012.csv,0.5376560635774946,0.1794317072527241,0.2829122291697814,0
../../data/files/essay1013.csv,0.935776434526605,0.011155044514131907,0.05306852095926314,0
../../data/files/essay1014.csv,0.9167228201812697,0.004304091011188207,0.07897308880754218,0
../../data/files/essay1015.csv,0.5084110072904335,0.246369149551579,0.2452198431579875,0
../../data/files/essay1016.csv,0.5645964772544665,6.288121738036848E-5,0.4353406415281533,0
../../data/files/essay1017.csv,0.6764379130560594,0.1783162039405354,0.1452458830034052,0
../../data/files/essay1018.csv,0.3701084284646979,0.3255912080425198,0.3043003634927825,0
../../data/files/essay1019.csv,0.9700344089517462,0.010015624012210208,0.019949967036043598,0
../../data/files/essay102.csv,0.2809432735581687,5.680849855138328E-5,0.7189999179432799,2
../../data/files/essay1020.csv,0.6882603159121081,0.29991781588953015,0.011821868198361734,0
../../data/files/essay1021.csv,0.4885385329155692,3.744897577051268E-5,0.5114240181086603,2
../../data/files/essay1022.csv,0.45302987246721266,0.2851102672074539,0.2618598603253335,0
../../data/files/essay1023.csv,0.18370400598517309,0.5978296190497782,0.2184663749650487,1
../../data/files/essay1024.csv,0.45109344709404703,0.40887755725530067,0.14002899565065238,0
../../data/files/essay1025.csv,0.4462680626139761,0.5443916798578133,0.00934025752821054,1
../../data/files/essay1026.csv,0.6777833720939525,0.3221447009838005,7.192692224699703E-5,0
../../data/files/essay1027.csv,0.5955031215979026,0.2466839965340265,0.15781288186807083,0
../../data/files/essay1028.csv,0.3191631666354923,0.14742074625765897,0.5334160871068487,2
../../data/files/essay1029.csv,0.6724267937374792,0.017441004430523765,0.310132201831997,0
../../data/files/essay103.csv,0.4550356681458181,0.5080854038333116,0.03687892802087039,1
../../data/files/essay1030.csv,0.5220418741863436,0.3488599854288341,0.12909814038482212,0
../../data/files/essay1031.csv,0.6383006654750725,0.3515101941894635,0.010189140335464069,0
../../data/files/essay1032.csv,0.47970006079848676,0.11415854143679585,0.4061413977647174,0
../../data/files/essay1033.csv,0.3869546899536558,0.4022750775594622,0.21077023248688195,1
../../data/files/essay1034.csv,0.7586086514963978,9.521089212605922E-5,0.24129613761147606,0
../../data/files/essay1035.csv,0.21422231384608337,0.12374375096634543,0.6620339351875711,2
../../data/files/essay1036.csv,0.8068106672591745,0.02173763536426013,0.17145169737656524,0
../../data/files/essay1037.csv,0.48803646425475133,0.0773982878827994,0.4345652478624492,0
../../data/files/essay1038.csv,0.7253142790007155,0.0033003300330033,0.27138539096628106,0
../../data/files/essay1039.csv,0.6177588503654328,0.2026930416043039,0.1795481080302633,0
../../data/files/essay104.csv,0.8061823750147239,0.17010786342908105,0.023709761556194985,0
../../data/files/essay1040.csv,0.931043630364678,9.036119608379552E-4,0.06805275767448414,0
../../data/files/essay1041.csv,0.2327531206136894,0.358853685814437,0.4083931935718736,2
../../data/files/essay1042.csv,0.7029517413712323,0.2691273187915387,0.02792093983722908,0
../../data/files/essay1043.csv,0.4249474798211945,0.413364081989396,0.1616884381894096,0
../../data/files/essay1044.csv,0.7797051403026226,0.0957591332222423,0.12453572647513503,0
../../data/files/essay1045.csv,0.9634163266439059,2.498126405196103E-4,0.036333860715574415,0
../../data/files/essay1046.csv,0.602941969437165,0.18127406257077228,0.21578396799206273,0
../../data/files/essay1047.csv,0.3597820624718982,0.6401385913406861,7.934618741569468E-5,1
../../data/files/essay1048.csv,0.5142387101082397,0.31087192749215364,0.1748893623996066,0
../../data/files/essay1049.csv,0.42107593357321677,0.5788516184082365,7.244801854669275E-5,1
../../data/files/essay105.csv,0.3333333333333334,0.3333333333333334,0.3333333333333334,0
../../data/files/essay1050.csv,0.4934829180763604,0.48258268455981923,0.023934397363820456,0
../../data/files/essay1051.csv,0.4466008843581868,0.37036310962992003,0.18303600601189307,0
../../data/files/essay1052.csv,0.5041632321494702,0.03029941025855444,0.4655373575919754,0
../../data/files/essay1053.csv,0.8115948527103976,4.483701744159979E-5,0.18836031027216066,0
../../data/files/essay1054.csv,0.36316123928464905,3.8905964284324794E-5,0.6367998547510667,2
../../data/files/essay1055.csv,0.5576096753233143,0.34241617584383094,0.09997414883285476,0
../../data/files/essay1056.csv,0.6048148287369428,0.2694307659537145,0.12575440530934273,0
../../data/files/essay1057.csv,0.6969664520562003,0.2824693142727115,0.02056423367108827,0
../../data/files/essay1058.csv,0.42122384686504816,0.400678012532959,0.17809814060199294,0
../../data/files/essay1059.csv,0.9099437527139064,0.06270007169761782,0.027356175588475876,0
../../data/files/essay106.csv,0.7925269934982834,0.11484602728710712,0.09262697921460955,0
../../data/files/essay1060.csv,0.5028764364068454,0.33671453481912983,0.16040902877402463,0
../../data/files/essay1061.csv,0.33402764759385395,0.44581224353767,0.22016010886847603,1
../../data/files/essay1062.csv,0.7195720226136522,4.672242209036116E-5,0.2803812549642573,0
../../data/files/essay1063.csv,0.3937896272113779,0.1640557104748086,0.44215466231381356,2
../../data/files/essay1064.csv,0.3407690255306679,0.2156744391519812,0.443556535317351,2
../../data/files/essay1065.csv,0.6311231319837172,0.21919575505347166,0.14968111296281117,0
../../data/files/essay1066.csv,0.41300508571352695,0.2961531822225763,0.29084173206389674,0
../../data/files/essay1067.csv,0.8458091797586043,8.401243384020837E-5,0.15410680780755553,0
../../data/files/essay1068.csv,0.6474445900081975,6.89512514652141E-5,0.3524864587403373,0
../../data/files/essay1069.csv,0.3318252424256134,0.376565272687971,0.29160948488641564,1
../../data/files/essay107.csv,0.3333333333333334,0.3333333333333334,0.3333333333333334,0
../../data/files/essay1070.csv,0.581216411842862,0.4166220477125349,0.0021615404446030896,0
../../data/files/essay1071.csv,0.8740231302214773,5.77934462231983E-5,0.12591907633229946,0
../../data/files/essay1072.csv,0.42249331300152493,0.22917447858077317,0.34833220841770207,0
../../data/files/essay1073.csv,0.5654357112538044,0.3161740135648939,0.11839027518130174,0
../../data/files/essay1074.csv,0.5637761211021995,0.2249820395953315,0.21124183930246898,0
../../data/files/essay1075.csv,0.12833343539587144,0.3362494058502247,0.5354171587539039,2
../../data/files/essay1076.csv,0.4914206755944204,0.21665929987615828,0.2919200245294214,0
../../data/files/essay1077.csv,0.9866975054555908,0.013184888993427154,1.1760555098200637E-4,0
../../data/files/essay1078.csv,0.7564724237647749,0.2093997040031766,0.03412787223204868,0
../../data/files/essay1079.csv,0.9279292239085088,0.0711996611442774,8.711149472136312E-4,0
../../data/files/essay108.csv,0.3333333333333334,0.3333333333333334,0.3333333333333334,0
../../data/files/essay1080.csv,0.5647253064255772,0.433991910487519,0.001282783086903951,0
../../data/files/essay1081.csv,0.6627824994551911,0.1743773154379623,0.16284018510684667,0
../../data/files/essay1082.csv,0.9043494873591035,0.001478839853672688,0.09417167278722395,0
../../data/files/essay1083.csv,0.040097364143530434,0.37499081085054764,0.5849118250059219,2
../../data/files/essay1084.csv,0.3333333333333334,0.3333333333333334,0.3333333333333334,0
../../data/files/essay1085.csv,0.5199932828253471,5.8129396035575196E-5,0.47994858777861743,0
../../data/files/essay1086.csv,0.5289549480472244,0.41885635082131584,0.052188701131459694,0
../../data/files/essay1087.csv,0.25942773224239135,0.7247946139505166,0.015777653807092076,1
../../data/files/essay1088.csv,0.44610179916961396,0.5537444256497001,1.537751806858373E-4,1
../../data/files/essay1089.csv,0.4218071271295243,0.12379013750024945,0.4544027353702263,2
../../data/files/essay109.csv,0.7692645178153034,0.18957872431786568,0.041156757866830956,0
../../data/files/essay1090.csv,0.9161157551585349,0.08382960898941887,5.463585204611266E-5,0
../../data/files/essay1091.csv,0.7313145626142555,7.87215618357868E-5,0.2686067158239086,0
../../data/files/essay1092.csv,0.32379712674095373,4.291292966570828E-5,0.6761599603293806,2
../../data/files/essay1093.csv,0.44952529468421776,0.12337242071682288,0.4271022845989594,0
../../data/files/essay1094.csv,0.7755701316804292,0.22153587071118755,0.002893997608383396,0
../../data/files/essay1095.csv,0.799344333360427,0.13825896122896852,0.06239670541060446,0
../../data/files/essay1096.csv,0.602659697747089,0.2590088470114364,0.13833145524147467,0
../../data/files/essay1097.csv,0.21137428589768276,0.5096061265905286,0.2790195875117885,1
../../data/files/essay1098.csv,0.9841034351774209,0.003648039447562121,0.01224852537501702,0
../../data/files/essay1099.csv,0.5476402771911711,0.248861983199587,0.20349773960924178,0
../../data/files/essay11.csv,0.583842179426961,0.3169309684105362,0.0992268521625027,0
../../data/files/essay110.csv,0.3333333333333334,0.3333333333333334,0.3333333333333334,0
../../data/files/essay1100.csv,0.6565068977357653,6.059504332545598E-5,0.3434325072209093,0
../../data/files/essay1101.csv,0.6107695141005306,0.3879888550262287,0.0012416308732407756,0
../../data/files/essay1102.csv,0.6819747496978209,0.3144689681192227,0.003556282182956397,0
../../data/files/essay1103.csv,0.5551437883361108,0.13599583571264864,0.3088603759512406,0
../../data/files/essay1104.csv,0.463772681799842,0.1719422750612125,0.3642850431389456,0
../../data/files/essay1105.csv,0.5856404349555034,0.009722050817941223,0.40463751422655536,0
../../data/files/essay1106.csv,0.8177131937963826,4.443851930853665E-5,0.18224236768430874,0
../../data/files/essay1107.csv,0.1281904489289633,0.5650561927934191,0.3067533582776176,1
../../data/files/essay1108.csv,0.14745267630211298,0.5847870501335848,0.2677602735643022,1
../../data/files/essay1109.csv,0.4990620845398751,0.4759936136759608,0.024944301784164107,0
../../data/files/essay111.csv,0.3333333333333334,0.3333333333333334,0.3333333333333334,0
../../data/files/essay1110.csv,0.8379567449855466,0.032106871832285944,0.12993638318216738,0
../../data/files/essay1111.csv,0.08504034761018002,0.6535006043973995,0.26145904799242053,1
../../data/files/essay1112.csv,0.6544181412916497,0.030166204390548075,0.3154156543178023,0
../../data/files/essay1113.csv,0.6051101985756512,0.05560514987403045,0.33928465155031845,0
../../data/files/essay1114.csv,0.34486756876529046,0.07533069867113468,0.5798017325635749,2
../../data/files/essay1115.csv,0.44905960828970454,0.33518495373263524,0.2157554379776602,0
../../data/files/essay1116.csv,0.30415705813372834,0.3496047175792669,0.34623822428700474,1
../../data/files/essay1117.csv,0.9183172529943473,8.062565508344754E-5,0.0816021213505693,0
../../data/files/essay1118.csv,0.29240484125592,0.40414612121330246,0.3034490375307776,1
../../data/files/essay1119.csv,0.5132414134103007,0.2669103170135259,0.21984826957617354,0
../../data/files/essay112.csv,0.3333333333333334,0.3333333333333334,0.3333333333333334,0
../../data/files/essay1120.csv,0.5166105556401451,0.22787843926756782,0.2555110050922871,0
../../data/files/essay1121.csv,0.9996493073820795,1.7534630896019643E-4,1.7534630896019643E-4,0
../../data/files/essay1122.csv,0.2347465371387837,0.3473629927917885,0.4178904700694279,2
../../data/files/essay1123.csv,0.8815772476191951,5.632289034604994E-4,0.11785952347734424,0
../../data/files/essay1124.csv,0.5311848517441473,0.0018103192624166213,0.46700482899343587,0
../../data/files/essay1125.csv,0.30953109592301675,0.6495630589275392,0.040905845149444044,1
../../data/files/essay1126.csv,0.3915485697271883,0.45109697947357424,0.15735445079923743,1
../../data/files/essay1127.csv,0.8899374812245292,5.101260011222772E-5,0.11001150617535864,0
../../data/files/essay1128.csv,0.0953726449003756,0.25029697032603315,0.6543303847735914,2
../../data/files/essay1129.csv,0.3679697110848352,1.0749220681500591E-4,0.6319227967083498,2
../../data/files/essay113.csv,0.3333333333333334,0.3333333333333334,0.3333333333333334,0
../../data/files/essay1130.csv,0.6877955374304779,0.1615836055749231,0.15062085699459904,0
../../data/files/essay1131.csv,0.672149618732494,0.014354066985645937,0.31349631428186026,0
../../data/files/essay1132.csv,0.12001730120813552,0.23404799119211223,0.6459347075997522,2
../../data/files/essay1133.csv,0.6361770928414247,6.368209896198179E-5,0.3637592250596135,0
../../data/files/essay1134.csv,0.46294856127096995,0.20412958230978454,0.33292185641924565,0
../../data/files/essay1135.csv,0.6119487206616233,0.18226971615322674,0.20578156318514992,0
../../data/files/essay1136.csv,0.5799383066739049,0.13638601674052192,0.28367567658557324,0
../../data/files/essay1137.csv,0.6071161899814953,0.2276437720712629,0.1652400379472418,0
../../data/files/essay1138.csv,0.7814348817554099,0.16429858552998772,0.05426653271460237,0
../../data/files/essay1139.csv,0.5572006410745631,0.03993148303611556,0.4028678758893213,0
../../data/files/essay114.csv,0.40228993377293165,0.0024374242794274674,0.5952726419476407,2
../../data/files/essay1140.csv,0.8426039226654548,0.10686136263872865,0.050534714695816677,0
../../data/files/essay1141.csv,0.5010646582474254,0.1764936528941822,0.3224416888583923,0
../../data/files/essay1142.csv,0.5069747928538965,3.496136768870399E-5,0.492990245778415,0
../../data/files/essay1143.csv,0.6931208077089346,4.1835752834372257E-5,0.30683735653823097,0
../../data/files/essay1144.csv,0.393187306038282,0.21444530535775053,0.39236738860396764,0
../../data/files/essay1145.csv,0.619470321416378,0.043944788567526705,0.33658489001609526,0
../../data/files/essay1146.csv,0.6858502920056849,0.28306242901562123,0.03108727897869382,0
../../data/files/essay1147.csv,0.8533491109018168,8.774260023988344E-4,0.14577346309578434,0
../../data/files/essay1148.csv,0.2597106365076548,0.4555995977045495,0.28468976578779576,1
../../data/files/essay1149.csv,0.9628015608533426,0.03616356679673778,0.0010348723499197733,0
../../data/files/essay115.csv,0.3333333333333334,0.3333333333333334,0.3333333333333334,0
../../data/files/essay1150.csv,0.8093877939636295,0.19051699514424453,9.521089212605922E-5,0
../../data/files/essay1151.csv,0.3424393086743522,0.452318077789312,0.20524261353633586,1
../../data/files/essay1152.csv,0.6378683121241386,0.2632532540231948,0.0988784338526666,0
../../data/files/essay1153.csv,0.8841139760588091,0.10458169542718813,0.01130432851400271,0
../../data/files/essay1154.csv,0.3763835076171035,0.0032819971577626866,0.6203344952251338,2
../../data/files/essay1155.csv,0.7804209371968452,0.07745300659383919,0.14212605620931573,0
../../data/files/essay1156.csv,0.39017521324932547,0.24770141034300755,0.36212337640766706,0
../../data/files/essay1157.csv,0.42262720861721054,0.09076335716847013,0.48660943421431935,2
../../data/files/essay1158.csv,0.6907508784629537,0.14934624259150342,0.15990287894554286,0
../../data/files/essay1159.csv,0.3692252473978363,0.6307234784392145,5.127416294928984E-5,1
../../data/files/essay116.csv,0.2120411963912906,0.621536331288541,0.1664224723201683,1
../../data/files/essay1160.csv,0.6803587074163789,0.18558985723857135,0.13405143534504974,0
../../data/files/essay1161.csv,0.43311148616374234,0.4016212180718757,0.16526729576438204,0
../../data/files/essay1162.csv,0.9280431330640534,5.43389664728577E-5,0.07190252796947355,0
../../data/files/essay1163.csv,0.5562336341405354,0.3383828547108427,0.10538351114862184,0
../../data/files/essay1164.csv,0.8695884980859447,7.192692224699703E-5,0.13033957499180834,0
../../data/files/essay1165.csv,0.9107808016539235,0.0012416308732407753,0.08797756747283562,0
../../data/files/essay1166.csv,0.7423764226386222,0.23475100605472055,0.02287257130665725,0
../../data/files/essay1167.csv,0.7894666838792459,0.038372315913420725,0.17216100020733335,0
../../data/files/essay1168.csv,0.8733610644870953,0.005748943864684945,0.12088999164821979,0
../../data/files/essay1169.csv,0.9679173189247421,0.03203218367587404,5.049739938393173E-5,0
../../data/files/essay117.csv,0.8465645371016214,0.09307912888475547,0.060356334013622996,0
../../data/files/essay1170.csv,0.11759923366095938,0.8525441329179647,0.029856633421075925,1
../../data/files/essay1171.csv,0.7042500622241649,0.270805635991671,0.02494430178416411,0
../../data/files/essay1172.csv,0.6399978095394556,0.2285041501404242,0.13149804032012016,0
../../data/files/essay1173.csv,0.8902321258721965,0.052342677906292885,0.05742519622151067,0
../../data/files/essay1174.csv,0.2531797759919002,0.7425383366027547,0.004281887405344976,1
../../data/files/essay1175.csv,0.7941325340011962,0.0013738521104077511,0.20449361388839588,0
../../data/files/essay1176.csv,0.5467309370037722,0.005705247698130259,0.4475638152980977,0
../../data/files/essay1177.csv,0.6516351723532117,0.005213742785244436,0.34315108486154394,0
../../data/files/essay1178.csv,0.7179865031323918,0.006869346391892811,0.2751441504757154,0
../../data/files/essay1179.csv,0.9086932205597308,6.89512514652141E-5,0.09123782818880384,0
../../data/files/essay118.csv,0.13583904215268777,0.005547669498789664,0.8586132883485225,2
../../data/files/essay1180.csv,0.7431822603827349,0.07160744883164812,0.18521029078561702,0
../../data/files/essay1181.csv,0.5040400591783316,0.25854752962981026,0.2374124111918581,0
../../data/files/essay1182.csv,0.43432507220909333,0.21954930753331048,0.34612562025759624,0
../../data/files/essay1183.csv,0.3358020576817444,0.6030414683972425,0.061156473921013164,1
../../data/files/essay1184.csv,0.7722143774885828,0.03226517743939414,0.19552044507202318,0
../../data/files/essay1185.csv,0.6213786967078376,0.1553786062223831,0.22324269706977937,0
../../data/files/essay1186.csv,0.7454972177735455,0.03370894592813824,0.22079383629831625,0
../../data/files/essay1187.csv,0.5588932654248847,0.0014860984864880468,0.4396206360886273,0
../../data/files/essay1188.csv,0.48934467070172427,0.5056809363947495,0.004974392903526184,1
../../data/files/essay1189.csv,0.5067769690237461,8.769622029290539E-5,0.4931353347559609,0
../../data/files/essay119.csv,0.4336517939499216,0.23974765530846243,0.32660055074161604,0
../../data/files/essay1190.csv,0.5789391510085452,0.2606724435076594,0.1603884054837954,0
../../data/files/essay1191.csv,0.5747560270665442,0.41380756457773693,0.011436408355718772,0
../../data/files/essay1192.csv,0.5012453900277486,0.4971870925849833,0.0015675173872681063,0
../../data/files/essay1193.csv,0.8636748092370854,0.045303049006295525,0.09102214175661899,0
../../data/files/essay1194.csv,0.8412723114897959,0.09211635477051967,0.06661133373968452,0
../../data/files/essay1195.csv,0.5190170417244501,0.21796081996061017,0.2630221383149398,0
../../data/files/essay1196.csv,0.5840070188631947,6.20987084608066E-4,0.41537199405219716,0
../../data/files/essay1197.csv,0.38159920935898317,0.2666804569169597,0.3517203337240571,0
../../data/files/essay1198.csv,0.45870863439902343,0.41361751734908225,0.12767384825189437,0
../../data/files/essay1199.csv,0.7992287424313808,5.234779877506151E-5,0.2007189097698442,0
../../data/files/essay12.csv,0.3333333333333334,0.3333333333333334,0.3333333333333334,0
../../data/files/essay120.csv,0.8145102447297323,0.019122180809455255,0.16636757446081232,0
../../data/files/essay1200.csv,0.6901893452990712,0.18905192687818317,0.12075872782274548,0
../../data/files/essay1201.csv,1.4078558355624384E-4,0.18941918125361737,0.8104400331628262,2
../../data/files/essay1202.csv,0.8062816423050675,0.005337861786940491,0.18838049590799197,0
../../data/files/essay1203.csv,0.7102547305059481,0.1491450435310984,0.14060022596295343,0
../../data/files/essay1204.csv,0.7859413830924513,0.2111569272633873,0.0029016896441612164,0
../../data/files/essay1205.csv,0.7680950715573933,0.16052582855026848,0.0713790998923382,0
../../data/files/essay1206.csv,0.579176092126339,4.015580452154359E-5,0.4207837520691393,0
../../data/files/essay1207.csv,0.19805772708502425,0.4258903270821764,0.37605194583279933,1
../../data/files/essay1208.csv,0.5687885584131576,0.23272338552474375,0.19848805606209868,0
../../data/files/essay1209.csv,0.4290746709348302,0.08484436551265467,0.4860809635525152,2
../../data/files/essay121.csv,0.3333333333333334,0.3333333333333334,0.3333333333333334,0
../../data/files/essay1210.csv,0.4571396066306625,0.1881119208710608,0.35474847249827673,0
../../data/files/essay1211.csv,0.3603030266436418,0.3755992706106825,0.2640977027456758,1
../../data/files/essay1212.csv,0.6818721513654297,1.1490290704354821E-4,0.31801294572752686,0
../../data/files/essay1213.csv,0.6749229003305259,0.19457697750856273,0.13050012216091125,0
../../data/files/essay1214.csv,0.697888552496734,0.038403467186118735,0.2637079803171474,0
../../data/files/essay1215.csv,0.9459977249595881,5.986948452373825E-5,0.05394240555588816,0
../../data/files/essay1216.csv,0.9167281991924272,5.986948452373825E-5,0.08321193132304909,0
../../data/files/essay1217.csv,0.379757434073632,0.2819352217994313,0.33830734412693675,0
../../data/files/essay1218.csv,0.588706672898589,0.19785676061966984,0.21343656648174114,0
../../data/files/essay1219.csv,0.31624326010236953,0.5067975766276158,0.17695916327001462,1
../../data/files/essay122.csv,0.2550493189290747,0.583842179426961,0.16110850164396429,1
../../data/files/essay1220.csv,0.6007805933214599,0.30747030159821775,0.09174910508032236,0
../../data/files/essay1221.csv,0.2813349405563828,0.7185941525443761,7.090689924129616E-5,1
../../data/files/essay1222.csv,0.5450164392199253,0.32332467584460556,0.13165888493546915,0
../../data/files/essay1223.csv,0.3328665387649549,0.5858691948260488,0.08126426640899607,1
../../data/files/essay1224.csv,0.5657706643612523,0.17900707929032675,0.25522225634842094,0
../../data/files/essay1225.csv,0.22224867095136075,0.44529962001992474,0.33245170902871446,1
../../data/files/essay1226.csv,0.6601577203080963,0.007426992389398404,0.3324152873025053,0
../../data/files/essay1227.csv,0.8329159189361519,0.01386341675047822,0.15322066431336978,0
../../data/files/essay1228.csv,0.3915533455714175,0.5062111247749915,0.10223552965359094,1
../../data/files/essay1229.csv,0.4363115943791708,0.4663131349988243,0.09737527062200493,1
../../data/files/essay123.csv,0.592408947898027,0.1744275521679939,0.23316349993397895,0
../../data/files/essay1230.csv,0.589857290668345,0.1564367010446914,0.2537060082869635,0
../../data/files/essay1231.csv,0.8512693385838603,3.558338967370032E-5,0.14869507802646617,0
../../data/files/essay1232.csv,0.4241552505628848,0.04270319819876905,0.5331415512383464,2
../../data/files/essay1233.csv,0.42441211648075583,0.5340069159823247,0.041580967536919436,1
../../data/files/essay1234.csv,0.5392702786923003,0.3595270676114476,0.10120265369625205,0
../../data/files/essay1235.csv,0.8047411010524104,0.08812122485950348,0.1071376740880862,0
../../data/files/essay1236.csv,0.5786430520583715,0.363338158433586,0.058018789508042526,0
../../data/files/essay1237.csv,0.47486566771170197,0.11033762044648514,0.41479671184181294,0
../../data/files/essay1238.csv,0.6735905873804384,6.288121738036848E-5,0.3263465314021813,0
../../data/files/essay1239.csv,0.7852952589650529,0.10430885586675492,0.11039588516819224,0
../../data/files/essay124.csv,0.7460559914215401,8.408742005909265E-4,0.2531031343778688,0
../../data/files/essay1240.csv,0.7501337004488886,0.24983524654362782,3.10530074837748E-5,0
../../data/files/essay1241.csv,0.3883361379317856,0.5337395916722487,0.07792427039596575,1
../../data/files/essay1242.csv,0.6583026227566595,0.34116391862064244,5.334586226979303E-4,0
../../data/files/essay1243.csv,0.844123539073552,8.54481756814492E-5,0.15579101275076668,0
../../data/files/essay1244.csv,0.47513216879644055,0.15748044683381063,0.3673873843697489,0
../../data/files/essay1245.csv,0.6242347309823211,0.12044640141748321,0.2553188676001957,0
../../data/files/essay1246.csv,0.7517545085047929,5.986948452373825E-5,0.2481856220106834,0
../../data/files/essay1247.csv,0.31928964469467747,0.4456828424425804,0.2350275128627421,1
../../data/files/essay1248.csv,0.5325187906465702,0.35850006291682396,0.10898114643660593,0
../../data/files/essay1249.csv,0.8635076198804357,4.949759936643074E-5,0.1364428825201978,0
../../data/files/essay125.csv,0.41107224165694933,0.13528420974697833,0.45364354859607237,2
../../data/files/essay1250.csv,0.4443870028912248,1.7232465965879716E-4,0.5554406724491163,2
../../data/files/essay1251.csv,0.6256540676430179,8.769622029290539E-5,0.37425823613668924,0
../../data/files/essay1252.csv,0.708446514034407,6.847907964116963E-5,0.29148500688595186,0
../../data/files/essay1253.csv,0.685789530077202,0.3141597162304669,5.075369233111709E-5,0
../../data/files/essay1254.csv,0.673632260082872,0.3148180071124391,0.01154973280468885,0
../../data/files/essay1255.csv,0.7471022009102914,0.08847285279464027,0.1644249462950682,0
../../data/files/essay1256.csv,0.5257171037300774,0.2693860519056832,0.20489684436423936,0
../../data/files/essay1257.csv,0.44595371072651635,6.89512514652141E-5,0.5539773380220184,2
../../data/files/essay1258.csv,0.5295257815787111,0.005715582407919554,0.4647586360133695,0
../../data/files/essay1259.csv,0.541208278543747,0.41058122529043906,0.04821049616581391,0
../../data/files/essay126.csv,0.5221817547033571,0.46505113983511465,0.012767105461528082,0
../../data/files/essay1260.csv,0.5706921767484237,0.42843670830436276,8.711149472136312E-4,0
../../data/files/essay1261.csv,0.471592861652561,0.528335211425192,7.192692224699703E-5,1
../../data/files/essay1262.csv,0.449285233566048,0.5482092323659864,0.002505534067965652,1
../../data/files/essay1263.csv,0.611315509770256,0.24628355143872613,0.14240093879101798,0
../../data/files/essay1264.csv,0.48740162662052355,0.14055441359207518,0.37204395978740135,0
../../data/files/essay1265.csv,0.7589085248030542,7.040766035344645E-5,0.2410210675365924,0
../../data/files/essay1266.csv,0.2815318267208398,0.3127375535958359,0.4057306196833243,2
../../data/files/essay1267.csv,0.28488979094105754,0.01343890684640891,0.7016713022125336,2
../../data/files/essay1268.csv,0.7366031580907615,0.033449562375182214,0.22994727953405636,0
../../data/files/essay1269.csv,0.6843601979969252,0.3155598211984679,7.998080460689435E-5,0
../../data/files/essay127.csv,0.453184834400304,0.27194597912829954,0.2748691864713964,0
../../data/files/essay1270.csv,0.5059430729660677,0.035111555453015114,0.4589453715809172,0
../../data/files/essay1271.csv,0.43697015674033174,0.3884681233858565,0.17456171987381183,0
../../data/files/essay1272.csv,0.6887961594559874,0.2792411641407555,0.031962676403257125,0
../../data/files/essay1273.csv,0.8839413089536019,5.463585204611266E-5,0.11600405519435188,0
../../data/files/essay1274.csv,0.38193685014494266,5.2075196583867097E-5,0.6180110746584736,2
../../data/files/essay1275.csv,0.5555122739437484,0.2857235603453872,0.1587641657108644,0
../../data/files/essay1276.csv,0.43276436686368747,0.40759972257514104,0.15963591056117152,0
../../data/files/essay1277.csv,0.7886657259799654,0.03711709547970017,0.17421717854033447,0
../../data/files/essay1278.csv,0.6115216320380191,0.3806639813768389,0.007814386585142037,0
../../data/files/essay1279.csv,0.153076617273059,0.8468743703268038,4.9012400137234725E-5,1
../../data/files/essay128.csv,0.8604359824377906,0.12828331176467112,0.011280705797538215,0
../../data/files/essay1280.csv,0.45023125458334246,0.47854814233955584,0.07122060307710182,1
../../data/files/essay1281.csv,0.34920400378707034,0.23810931061091134,0.4126866856020184,2
../../data/files/essay1282.csv,0.36964238295750756,0.3940290580782217,0.2363285589642708,1
../../data/files/essay1283.csv,0.43765029432285424,0.0027704959119944183,0.5595792097651514,2
../../data/files/essay1284.csv,0.574873623130125,0.2897684358139547,0.13535794105592033,0
../../data/files/essay1285.csv,0.6815875589180102,9.006574799603712E-5,0.31832237533399377,0
../../data/files/essay1286.csv,0.1453858902728655,0.7809899704409929,0.07362413928614144,1
../../data/files/essay1287.csv,0.9151623651101496,0.061481591990319426,0.02335604289953088,0
../../data/files/essay1288.csv,0.334804711352417,0.30905559601845106,0.35613969262913175,2
../../data/files/essay1289.csv,0.4586021886596232,0.4499357898634649,0.09146202147691193,0
../../data/files/essay129.csv,0.3333333333333334,0.3333333333333334,0.3333333333333334,0
../../data/files/essay1290.csv,0.6204796882411004,0.21924393339230092,0.16027637836659875,0
../../data/files/essay1291.csv,0.18434001842812053,0.002019251504636437,0.813640730067243,2
../../data/files/essay1292.csv,0.5303656243370836,0.0999866967248775,0.3696476789380391,0
../../data/files/essay1293.csv,0.876503715552001,0.12339631443900162,9.997000899730082E-5,0
../../data/files/essay1294.csv,0.6700164940740363,0.1258820928769406,0.2041014130490231,0
../../data/files/essay1295.csv,0.8496561759252739,7.040766035344645E-5,0.15027341641437258,0
../../data/files/essay1296.csv,0.7289407270991065,0.08388630672240248,0.18717296617849102,0
../../data/files/essay1297.csv,0.31641248611386996,0.6460011623886351,0.03758635149749498,1
../../data/files/essay1298.csv,0.614139688600825,0.15692218370206612,0.22893812769710875,0
../../data/files/essay1299.csv,0.13205540839480856,0.1529427402280517,0.7150018513771399,2
../../data/files/essay13.csv,0.25117531608014976,0.4900421440199614,0.25878253989988903,1
../../data/files/essay130.csv,0.5461263382469173,0.1249620012491226,0.32891166050396015,0
../../data/files/essay1300.csv,0.2880274566025557,0.44566708248772713,0.2663054609097172,1
../../data/files/essay1301.csv,0.7912441491055159,6.096445772114856E-5,0.20869488643676293,0
../../data/files/essay1302.csv,0.5176139447410604,0.46207732212503305,0.020308733133906368,0
../../data/files/essay1303.csv,0.3180333539550447,0.43311580753956375,0.24885083850539155,1
../../data/files/essay1304.csv,0.7233544653873972,0.017061651704037794,0.2595838829085649,0
../../data/files/essay1305.csv,0.9529643712153217,0.002133241536142536,0.04490238724853568,0
../../data/files/essay1306.csv,0.6991656017439675,0.15292289959658223,0.14791149865945022,0
../../data/files/essay1307.csv,0.7974264938114719,0.10035782362973616,0.10221568255879195,0
../../data/files/essay1308.csv,0.3262201627899888,0.4962588110166075,0.17752102619340374,1
../../data/files/essay1309.csv,0.4270707792111175,0.1979348003987561,0.37499442039012637,0
../../data/files/essay131.csv,0.6185030092905277,0.28680564936137,0.09469134134810211,0
../../data/files/essay1310.csv,0.2702350122132027,0.5237896154873475,0.20597537229944995,1
../../data/files/essay1311.csv,0.6541146038094913,0.19677813293525312,0.1491072632552557,0
../../data/files/essay1312.csv,0.522523904484328,4.1835752834372257E-5,0.4774342597628378,0
../../data/files/essay1313.csv,0.5140936564424109,0.4845945759350267,0.0013117676225624028,0
../../data/files/essay1314.csv,0.5467924952252556,0.002950147091254832,0.45025735768348973,0
../../data/files/essay1315.csv,0.7293600813694303,6.492241771083555E-5,0.27057499621285896,0
../../data/files/essay1316.csv,0.37485855471466983,9.343174810800711E-5,0.6250480135372222,2
../../data/files/essay1317.csv,5.881315062047874E-5,0.09808073085141839,0.9018604559979612,2
../../data/files/essay1318.csv,0.7673253525404969,0.00960774278379042,0.22306690467571266,0
../../data/files/essay1319.csv,0.5569827922340669,0.4348584166501136,0.00815879111581952,0
../../data/files/essay132.csv,0.33459574441225304,0.03414190762938136,0.6312623479583657,2
../../data/files/essay1320.csv,0.7374852617446005,0.15885965091632762,0.10365508733907186,0
../../data/files/essay1321.csv,0.489434673867838,0.44898505643006487,0.0615802697020971,0
../../data/files/essay1322.csv,0.4745523357623001,0.06470340871289863,0.46074425552480114,0
../../data/files/essay1323.csv,0.6285279973689172,0.36622186927208045,0.005250133359002433,0
../../data/files/essay1324.csv,0.6785825601189193,0.09517530189327644,0.2262421379878044,0
../../data/files/essay1325.csv,0.6103829245327751,0.019705067501202343,0.36991200796602247,0
../../data/files/essay1326.csv,0.46138899973136993,0.0013275017147983844,0.5372834985538317,2
../../data/files/essay1327.csv,0.5643355993089508,0.11799223793233396,0.3176721627587151,0
../../data/files/essay1328.csv,0.7355628339941389,0.2618258665491901,0.002611299456670945,0
../../data/files/essay1329.csv,0.31962980908054245,0.3485050923274946,0.3318650985919629,1
../../data/files/essay133.csv,0.3333333333333334,0.3333333333333334,0.3333333333333334,0
../../data/files/essay1330.csv,0.6247641664314987,0.37042775727822774,0.004808076290273629,0
../../data/files/essay1331.csv,0.5007006490411322,0.41038680844506087,0.08891254251380692,0
../../data/files/essay1332.csv,0.401776547783779,0.31250278980493684,0.28572066241128424,0
../../data/files/essay1333.csv,0.7012891786318974,3.999520057593089E-5,0.2986708261675266,0
../../data/files/essay1334.csv,0.19459439724191166,0.49867259175807277,0.3067330110000157,1
../../data/files/essay1335.csv,0.820923113451542,0.017883945152509604,0.16119294139594834,0
../../data/files/essay1336.csv,0.3751358582058356,0.6008694925173481,0.023994649276816313,1
../../data/files/essay1337.csv,0.7777045297783637,0.013483735892130111,0.20881173432950612,0
../../data/files/essay1338.csv,0.5199215461653952,0.4800003471408611,7.810669374365383E-5,0
../../data/files/essay1339.csv,0.327606842011831,0.4908118446746495,0.18158131331351968,1
../../data/files/essay134.csv,0.5338324173842802,0.044845442612546346,0.42132214000317336,0
../../data/files/essay1340.csv,0.27238589558327675,0.7137633076764281,0.013850796740295105,1
../../data/files/essay1341.csv,0.9088813519505499,0.006406397588179732,0.08471225046127041,0
../../data/files/essay1342.csv,0.5904321163990934,0.054650948726250106,0.35491693487465636,0
../../data/files/essay1343.csv,0.6306315136071091,0.0011870147124484086,0.3681814716804426,0
../../data/files/essay1344.csv,0.5812025539488852,0.36319709485327933,0.055600351197835476,0
../../data/files/essay1345.csv,0.4466587637090221,0.07536886682025244,0.4779723694707254,2
../../data/files/essay1346.csv,0.7751521118937615,0.12630967709358984,0.09853821101264865,0
../../data/files/essay1347.csv,0.6956158244992142,0.23969724330892112,0.0646869321918648,0
../../data/files/essay1348.csv,0.7702182843270983,0.010710600291783797,0.2190711153811179,0
../../data/files/essay1349.csv,0.45344120379812813,2.0395676116663266E-4,0.5463548394407053,2
../../data/files/essay135.csv,0.3333333333333334,0.3333333333333334,0.3333333333333334,0
../../data/files/essay1350.csv,0.38306626105265873,7.040115742086328E-4,0.6162297273731328,2
../../data/files/essay1351.csv,0.3333333333333334,0.3333333333333334,0.3333333333333334,0
../../data/files/essay1352.csv,0.5221125850414225,0.4509573286283735,0.026930086330203953,0
../../data/files/essay1353.csv,0.66253210899723,0.3281138736965332,0.009354017306236882,0
../../data/files/essay1354.csv,0.4880128534757459,0.1819580486011726,0.33002909792308155,0
../../data/files/essay1355.csv,0.8670089396293544,6.755387421468623E-5,0.13292350649643092,0
../../data/files/essay1356.csv,0.2561162752055049,0.19258325269526633,0.5513004720992288,2
../../data/files/essay1357.csv,0.5346907601242861,0.12734700017937015,0.33796223969634376,0
../../data/files/essay1358.csv,0.6246428064458394,0.3722157418208077,0.0031414517333530835,0
../../data/files/essay1359.csv,0.7102298691552739,0.05998901591853334,0.22978111492619288,0
../../data/files/essay136.csv,0.3333333333333334,0.3333333333333334,0.3333333333333334,0
../../data/files/essay1360.csv,0.7880554609650979,0.06882401703316168,0.1431205220017405,0
../../data/files/essay1361.csv,0.44144015003553794,0.48981944369785047,0.06874040626661174,1
../../data/files/essay1362.csv,0.8639451734158509,0.10323623632558739,0.03281859025856168,0
../../data/files/essay1363.csv,0.7513415805230751,0.12935032982482567,0.11930808965209914,0
../../data/files/essay1364.csv,0.8542487633888026,0.0661202308841301,0.07963100572706733,0
../../data/files/essay1365.csv,0.5426306992615078,0.17363249961562688,0.2837368011228655,0
../../data/files/essay1366.csv,0.7615071719117962,5.2075196583867097E-5,0.23844075289161998,0
../../data/files/essay1367.csv,0.7862438329419834,0.051620071117208545,0.16213609594080802,0
../../data/files/essay1368.csv,0.4624275721276531,0.531477978924615,0.006094448947731847,1
../../data/files/essay1369.csv,0.5645445983973113,0.43314892825119694,0.002306473351491876,0
../../data/files/essay137.csv,0.3333333333333334,0.3333333333333334,0.3333333333333334,0
../../data/files/essay1370.csv,0.7321750532699558,0.0024828959429844524,0.2653420507870598,0
../../data/files/essay1371.csv,0.3996400492564176,0.5675596545161763,0.0328002962274062,1
../../data/files/essay1372.csv,0.6968999029258804,0.12663558818427104,0.17646450888984858,0
../../data/files/essay1373.csv,0.5447522204651215,0.36450770006858363,0.09074007946629485,0
../../data/files/essay1374.csv,0.39328854326473756,0.05119116895025481,0.5555202877850077,2
../../data/files/essay1375.csv,0.7939412838553338,0.1306398487594769,0.07541886738518908,0
../../data/files/essay1376.csv,0.33333333333333326,0.17972666241505345,0.4869400042516132,2
../../data/files/essay1377.csv,0.34130231991262244,0.16739090691754913,0.4913067731698285,2
../../data/files/essay1378.csv,0.27161228601533327,0.6432611637944335,0.08512655019023309,1
../../data/files/essay1379.csv,0.6152032477086989,0.37410696874612204,0.010689783545178959,0
../../data/files/essay138.csv,0.9643961810642843,0.03551763432828673,8.618460742911318E-5,0
../../data/files/essay1380.csv,0.6033518161483009,0.26109591634408924,0.13555226750760982,0
../../data/files/essay1381.csv,0.2803908120660819,0.29683508003545556,0.4227741078984627,2
../../data/files/essay1382.csv,0.2638164754953076,0.561648503683712,0.17453502082098046,1
../../data/files/essay1383.csv,0.5049742538619206,0.305559721597316,0.18946602454076333,0
../../data/files/essay1384.csv,0.25927378074015983,0.02402579015007951,0.7167004291097607,2
../../data/files/essay1385.csv,0.30591986610685484,0.3246764489460243,0.3694036849471209,2
../../data/files/essay1386.csv,0.6246720427511387,0.0516522606918087,0.32367569655705253,0
../../data/files/essay1387.csv,0.7613141743612158,0.1354301359218586,0.10325568971692557,0
../../data/files/essay1388.csv,0.7850513816179051,0.19708427004564344,0.017864348336451338,0
../../data/files/essay1389.csv,0.8467153863854572,0.03498456679917796,0.11830004681536496,0
../../data/files/essay139.csv,0.7052739634527903,0.2784914256786686,0.016234610868541128,0
